avenues = 20
streets = 10
walls = [
    (6, 19), 
    (3, 18), 
    (2, 17), 
    (3, 16), 
    (6, 17), 
    (6, 15), 
    (6, 13), 
    (3, 14), 
    (1, 14), 
    (3, 12), 
    (1, 12), 
    (3, 10), 
    (4, 9), 
    (4, 7), 
    (1, 8), 
    (3, 6), 
    (2, 5), 
    (2, 3), 
    (3, 2), 
    (5, 2), 
    (5, 4), 
    (6, 5), 
    (6, 7), 
    (6, 9), 
    (6, 11), 
    (7, 2), 
    (8, 3), 
    (8, 5), 
    (8, 7), 
    (8, 9), 
    (8, 11), 
    (8, 13), 
    (8, 15), 
    (9, 16), 
    (11, 16), 
    (13, 16), 
    (15, 16), 
    (13, 14), 
    (11, 14), 
    (11, 2), 
    (13, 2), 
    (15, 2), 
    (17, 2), 
    (21, 2), 
    (23, 2), 
    (25, 2), 
    (27, 2), 
    (37, 2), 
    (35, 4), 
    (34, 5), 
    (35, 2), 
    (33, 2), 
    (31, 2), 
    (30, 3), 
    (30, 7), 
    (30, 5), 
    (30, 9), 
    (30, 11), 
    (30, 13), 
    (30, 15), 
    (29, 16), 
    (27, 16), 
    (25, 16), 
    (23, 16), 
    (21, 16), 
    (23, 14), 
    (25, 14), 
    (27, 14), 
    (28, 13), 
    (21, 4), 
    (23, 4), 
    (25, 4), 
    (27, 4), 
    (28, 5), 
    (28, 7), 
    (28, 9), 
    (28, 11), 
    (34, 7), 
    (34, 9), 
    (34, 11), 
    (34, 13), 
    (34, 15), 
    (34, 17), 
    (34, 19), 
    (37, 18), 
    (38, 17), 
    (37, 16), 
    (39, 14), 
    (37, 14), 
    (39, 12), 
    (37, 12), 
    (37, 10), 
    (36, 9), 
    (36, 7), 
    (37, 6), 
    (38, 5), 
    (38, 3), 
    (39, 8), 
    (19, 4), 
    (10, 13), 
    (10, 11), 
    (10, 9), 
    (10, 7), 
    (10, 5), 
    (11, 4), 
    (13, 4), 
    (15, 4), 
    (17, 4), 
    (15, 14), 
    (17, 16), 
    (20, 17), 
    (20, 19), 
    (18, 17), 
    (18, 19), 
    (19, 12), 
    (21, 12), 
    (23, 12), 
    (25, 12), 
    (26, 11), 
    (26, 9), 
    (26, 7), 
    (25, 6), 
    (23, 6), 
    (17, 12), 
    (15, 12), 
    (13, 12), 
    (12, 11), 
    (12, 9), 
    (12, 7), 
    (13, 6), 
    (15, 6), 
    (19, 8), 
    (21, 8), 
    (23, 8), 
    (24, 9), 
    (23, 10), 
    (17, 8), 
    (15, 8), 
    (14, 9), 
    (15, 10), 
    (9, 18), 
    (11, 18), 
    (13, 18), 
    (15, 18), 
    (23, 18), 
    (25, 18), 
    (27, 18), 
    (29, 18), 
    (31, 18)
]
beepers = {
    (18, 8): 1, 
    (3, 8): 1, 
    (16, 9): 1, 
    (9, 8): 1, 
    (10, 6): 1, 
    (19, 4): 1, 
    (16, 2): 1, 
    (15, 1): 1, 
    (20, 7): 2, 
    (17, 3): 1, 
    (15, 8): 1, 
    (9, 4): 1, 
    (20, 8): 1, 
    (3, 7): 1, 
    (2, 5): 1, 
    (9, 10): 1, 
    (5, 8): 1, 
    (10, 8): 3, 
    (11, 10): 1, 
    (6, 7): 1, 
    (3, 3): 1, 
    (17, 2): 1, 
    (3, 10): 1, 
    (7, 4): 1, 
    (6, 3): 1, 
    (1, 5): 1, 
    (4, 9): 1, 
    (19, 3): 1, 
    (3, 6): 1, 
    (2, 2): 1, 
    (1, 10): 1, 
    (20, 4): 1, 
    (13, 4): 1, 
    (10, 9): 4, 
    (9, 7): 1, 
    (4, 10): 1, 
    (7, 6): 1, 
    (11, 4): 1, 
    (18, 9): 1, 
    (18, 2): 1, 
    (17, 10): 1, 
    (7, 9): 4, 
    (9, 3): 1, 
    (20, 1): 1, 
    (1, 1): 1, 
    (1, 4): 1, 
    (9, 9): 1, 
    (13, 6): 1, 
    (20, 10): 1, 
    (19, 2): 1, 
    (3, 9): 1, 
    (2, 3): 1, 
    (10, 1): 3, 
    (13, 9): 4, 
    (20, 5): 1, 
    (4, 2): 1, 
    (5, 1): 1, 
    (18, 10): 1, 
    (11, 7): 1, 
    (10, 5): 8, 
    (18, 3): 1, 
    (10, 10): 2, 
    (11, 8): 1, 
    (14, 7): 1, 
    (11, 3): 1, 
    (19, 5): 1, 
    (18, 7): 1, 
    (1, 8): 1, 
    (18, 6): 1, 
    (20, 6): 1, 
    (11, 9): 1, 
    (1, 7): 2, 
    (14, 3): 1, 
    (1, 6): 1, 
    (2, 4): 1
}
